model   size    theta   ll      NA_pop_est      EU_pop_est      t_est   m1_est	m2_est	NA_pop_sd       EU_pop_sd       t_sd    m1_sd	m2_sd	theta_sd
split_mig_asym	20	939.4428403872864	-652.5638560024609	1321759.6279255524	197990.4150114575	4108850.987006533	3.169682227041962e-08	1.2956888844729857e-08	4910.36330692802	3272.6176665049184	nan	1.4732040531221904e-09	7.801207295460203e-10	nan	
split_mig_asym	20	640.68884130951	-183707.30191223562	632575.9949550211	1257353.0841664732	2494475.1642138707	1.6219146613819553e-05	3.448924954019872e-05	nan	nan	42094.276954674024	nan	nan	2.212728627780509e-05	
split_mig_asym	20	6665.408937602019	-3578.767884564116	1337938.110899562	52448.7468833353	25820439.433780037	6.697172525124176e-07	5.854895556287012e-10	48189.79370451113	1480.599895810327	nan	2.1217294646815814e-08	8.743301043594894e-10	0.00013911150970625407	
split_mig_asym	20	922.8072523487657	-675.9012839356456	1350634.6486678177	201461.12392175873	4019056.0058578006	2.55351890743011e-08	1.8577578561214954e-08	nan	3173.6034019339963	nan	1.280522705160705e-09	9.76764213366079e-10	nan	
split_mig_asym	20	10058.780247266734	-5568.232790437006	630813.6365444879	71312.63230577609	680733.7613651226	3.786284025964054e-11	4.3071430314212835e-08	nan	nan	nan	5.472658437025422e-11	1.8646965632309914e-09	nan	
split_mig_asym	20	527.2803808955751	-194926.34550425533	1122536.8940999457	1156729.8051991756	1670203.553502491	4.0119952431290485e-05	4.240111331448546e-05	nan	nan	13848.12443708039	nan	nan	1.3011873941289951e-05	
split_mig_asym	20	915.9465740803046	-3103.1885067934954	1359474.449479766	264462.02786349074	3968595.684744743	1.3905954785304553e-08	1.0515752318728794e-07	16431.73692605278	2971.1924215603563	140288.58278635942	1.1738088528293607e-09	9.822099236804927e-09	nan	
split_mig_asym	20	9943.744945702581	-6250.706882571659	678936.100981109	59760.953299825975	778851.4877802937	2.3253581617177685e-11	6.718412674323409e-09	nan	570.4504924180509	nan	7.350999153397692e-12	3.965812771192299e-10	nan	
split_mig_asym	20	7480.357616343295	-4275.362164161313	832434.7288185718	82656.30950006418	26258849.49473603	1.5040055425050072e-07	1.1097204770951816e-07	13231.946217821265	1563.229280542234	nan	7.235000634688679e-09	6.568036806100368e-09	3.8154296654079856e-05	
split_mig_asym	20	938.8028479990107	-651.2408342920584	1317302.9701945758	199626.5421241542	4117019.2884588097	2.9975576962591906e-08	1.4100014912838135e-08	5106.562583099984	3278.0546653703414	nan	1.4159648154048693e-09	8.134828995705882e-10	nan	
split_mig_asym	40	937.6249399325332	-1339.2032173422074	1388922.51549693	207289.02877955907	4115077.2083642986	2.9493371757519965e-08	1.459890427760028e-08	nan	2926.634854446194	nan	1.2174771623820816e-09	6.61541747662404e-10	nan	
split_mig_asym	40	830.8269100456147	-263345.9545086982	1665502.2951514015	900071.7881862398	3594778.091008162	2.5448239582633053e-06	8.503634149743759e-06	nan	nan	110529.66976934375	6.828347220304646e-08	6.200560192519123e-08	3.5998174148680526e-05	
split_mig_asym	40	1056.3588124981345	-63683.45056405966	2149177.7934144866	35408.89241980688	3163333.8488632333	1.5946876741682966e-05	2.1797434509299707e-07	nan	nan	nan	3.3768828121103154e-08	nan	nan	
split_mig_asym	40	1305.2739655120058	-55544.02522739822	2509354.0039895433	173086.82293338203	1743170.5686380237	2.8886533478915643e-06	1.1162559328207652e-07	nan	729.6484643679456	14401.42145986471	8.03691617917925e-09	4.352387326736891e-09	8.964602907217072e-06	
split_mig_asym	40	870.5284682856468	-11433.249842428952	1705209.8008729464	173434.2864103287	3529767.7706694347	4.475305334371688e-07	8.413700294517274e-08	nan	nan	85054.10621688246	nan	nan	nan	
split_mig_asym	3	4811.595430563088	-18847.118690349052	5246698.338678118	5466682.8725378895	535614.8724878882	2.494333114771393e-06	4.2970506883370765e-06	2495434.9218990225	nan	23116.4385061375	9.184073707307603e-08	9.562580923335446e-09	0.0004953335377143581	
split_mig_asym	3	3181.656449932554	-622.8578409567657	1196144.990007222	89051.29868969224	3086892.874639219	8.513470786678034e-09	7.520986930735171e-11	nan	2123.799409486998	nan	1.5100143040043747e-09	1.1026222906604182e-09	nan	
split_mig_asym	3	9042.524933141716	-14616.942952514997	340221.5416470565	215181.3394674465	4546152.984944042	6.692851007863406e-07	2.084117243062203e-06	nan	682.3704282192645	nan	1.3840087540899244e-08	nan	2.8792127021101328e-05	
split_mig_asym	10	43505.7086980261	-9819.602162438372	227385.8281862242	794430.4622426293	24324471.793404307	1.955123302083271e-09	3.1782295701997045e-07	2004.574097579462	nan	nan	7.861817390486113e-10	3.094752957731312e-09	nan	
split_mig_asym	3	1192.8296840568735	-5232.968415385092	2415133.365399253	12516.895546783178	2824320.04556518	5.88825850525295e-06	5.1977456331132326e-08	nan	199.79729264684215	nan	nan	1.2559103631592769e-08	2.8235825363518646e-05	
split_mig_asym	3	3103.398214851094	-48.42943543291479	1141315.998512397	228268.39837285192	2954180.142232258	6.434156531356089e-09	4.3863647914411786e-10	nan	nan	nan	1.3862601808716173e-09	1.0959842090582531e-09	nan	
split_mig_asym	5	6682.338237556098	-11145.16710101048	8811178.596952027	56588.88260025359	29180465.419332318	2.6657975483315913e-07	5.602323910196845e-07	nan	1210.0776431232098	nan	1.0102814736772437e-08	nan	nan	
split_mig_asym	10	4019.0771261570826	-45314.03125439608	650686.5387026488	925897.3204026662	9545002.301532947	2.530805248145003e-07	2.264018986141175e-06	nan	nan	1145564.1326694016	3.355328173603387e-09	nan	nan	
split_mig_asym	10	948.3623171389471	-95567.35763589179	1902365.994451921	2012147.9642532927	1417982.3616357436	1.1664208629430659e-05	5.677690391408693e-06	nan	nan	nan	nan	nan	nan	
split_mig_asym	50	942.8971237258023	-1647.9442049604504	1408811.0223896173	209519.94217011362	4128514.9887146666	3.149326373621071e-08	1.5572664687402814e-08	nan	2862.262233515972	nan	1.2437884223051448e-09	6.518773982768507e-10	nan	
split_mig_asym	30	4474.712117536033	-25511.698219335194	9012072.24482926	1920.796574306147	430694.87164691417	1.2006645353201773e-09	2.6091104830268526e-10	nan	28.622830481331974	3078.9117214459625	5.350441785459195e-11	8.70022613176167e-12	4.768784009642072e-05	
split_mig_asym	30	932.7624033871249	-1049.3306171549143	1375409.6679439156	204447.03249617497	4066627.0577735603	2.2965969950245833e-08	2.0195284134705686e-08	nan	2931.2310026148198	nan	1.0744532024753443e-09	9.01883203208177e-10	nan	
split_mig_asym	10	8604.354609788976	-26105.563787568128	62104.80974300525	212649.66118031184	20154075.175746307	3.2845620093318486e-08	9.390254752831531e-08	524.4190465352907	4551.594214379505	nan	1.6828343255327686e-09	1.407405764136029e-09	2.839343886184681e-05	
split_mig_asym	5	14686.867336441166	-7331.196298269975	165038.2490626311	207505.28171160936	39991501.12840247	5.5559596086735796e-08	1.2991767288089623e-07	1700.5221531184345	5999.03392206277	nan	3.4979990283359878e-09	2.4585568126363846e-09	3.656278223484498e-05	
split_mig_asym	5	1553.1596089008606	-40440.55514931417	695247.7467213008	2836772.9437414557	3747821.040984862	1.4404523645405675e-05	6.185794682133357e-06	nan	nan	160025.39980711805	nan	2.479353313452771e-07	0.00010387898228184593	
split_mig_asym	30	628.4894727200589	-276996.94522500224	1208757.9442391398	992017.8644995624	2087682.3528025392	2.2582974212792145e-05	2.7191772472849156e-05	nan	nan	22371.83633752892	nan	nan	1.7570390576062777e-05	
split_mig_asym	50	601.0883363749382	-444875.9646556433	1087193.5498407467	1090636.198395325	2030696.4101221391	2.6703238917711412e-05	2.5634007616909797e-05	nan	nan	21145.35468436477	nan	nan	2.107673692996519e-05	
split_mig_asym	50	4744.764780467582	-157668.25693736825	1148167.8045023053	400452.89645854256	4595760.655659862	4.794025523876572e-06	7.937081902699085e-07	14555.526761866064	3435.259117713332	nan	4.205800565393932e-08	2.061468312107573e-08	6.059464098660199e-05	
split_mig_asym	5	16336.925399891617	-7277.350535573796	138450.17611589696	380199.3697900499	60945821.43238614	2.3146147495403014e-09	1.9549272053167594e-07	1427.4035466610264	10736.963765907061	nan	1.452384503600169e-09	2.22268736031483e-09	3.499697969929913e-05	
split_mig_asym	3	1060.3501946371255	-5317.628896622052	2068408.4692501444	743.3415533612097	2694994.2780105053	8.28205521042137e-06	3.071063529560013e-07	14332.202587908174	18.448893561062942	57717.76282955436	nan	1.718181135175521e-09	5.55623192670682e-05	
split_mig_asym	100	1012.7913751717583	-5117.011569202993	1404292.6777383427	242846.56257176606	4437390.276034621	6.812444839575668e-08	5.577192410992884e-08	12820.517400249046	4914.7412940618315	nan	3.3145604089578196e-09	2.0072672026470497e-09	nan	
split_mig_asym	3	1255.7844134302043	-17553.31889466358	319550.225804924	1623708.8682786818	1692949.2700400117	1.506711358239159e-06	7.76352880595362e-06	nan	nan	nan	nan	nan	nan	
split_mig_asym	50	822.7504636082848	-52274.16910887501	476154.3270028523	1302896.8877342811	3518331.19746446	9.661781876604176e-08	8.807995133728024e-07	nan	nan	nan	nan	nan	2.252926646966085e-05	
split_mig_asym	10	59682.94095202988	-1402.5575110356374	1020081.7249114412	64894.19310512718	103315514.77861196	3.5838882919401354e-07	2.1647142302168698e-08	14270.516797432	1288.5355798606722	nan	5.440855671999323e-09	1.609800619349227e-09	4.8506886424728805e-05	
split_mig_asym	3	9763.077777648627	-2835.8353375949587	276676.27056196565	24271.07405058527	537706.7971692772	3.167932309513175e-09	2.869102368677113e-11	nan	441.86935738836274	nan	2.10831592577277e-09	1.7297331368688922e-09	nan	
split_mig_asym	5	92018.60626541884	-1292.3470952842836	561771.2543483232	178831.03791694308	384766016.93683326	3.935750388784791e-08	2.187175530564996e-07	7885.168268060528	4507.146748569939	1524921897638.7852	3.492030177641147e-09	4.072463549576131e-09	4.055149620591643e-05	
split_mig_asym	50	934.3529353027867	-5584.950513006357	1476289.372407334	218963.6161622844	4097273.0802775905	2.014081966522665e-08	1.1091497829956714e-07	nan	2618.0966003660455	nan	1.1177429671753801e-09	nan	nan	
split_mig_asym	100	1061.774968087988	-269530.865325422	794069.7507309143	1244943.7978249395	2208248.6734842644	2.0733773478282005e-06	2.6580306525655135e-06	nan	nan	50268.804054599364	nan	nan	3.9467928170905755e-05	
split_mig_asym	30	10376.742753358096	-10507.119254460406	1549963.6671244402	11047.182844573235	22235952.145017296	2.175388376274872e-06	7.828378587682557e-09	23141.632379816187	495.0196978722722	nan	2.648282859162507e-07	3.1204880247960603e-09	nan	
split_mig_asym	30	20700.904930671688	-6664.146778994718	685790.1096082038	257104.46398290395	86757932.13208169	7.70936655313143e-09	1.9090054127680555e-07	6322.770769800291	4331.868609282003	nan	6.411054681391032e-10	1.8699904027586513e-09	3.160631096108919e-05	
split_mig_asym	100	4641.11654107974	-138976.95111987216	1307553.953375181	702297.5791735539	20359664.91969549	1.9809528366123574e-07	1.8496708282914836e-06	3086.6243421176673	1938.3383055669185	412434561.50651926	6.788853488700533e-09	1.0103027195922428e-08	2.2439106801705554e-05	
split_mig_asym	75	9848.67260081957	-7356.042676569807	1357400.2699996002	42226.556803038904	28157921.910519544	4.5107649486590603e-07	2.9020552074259675e-08	32971.009379785	627.7714768080698	nan	7.1398636593846835e-09	1.6467381472945318e-09	8.673426885370931e-05	
split_mig_asym	75	1853.6502460716886	-109567.77795725215	2962382.846118427	60967.05830484615	1403381.7051221703	1.2042714087562814e-05	1.1387473446919387e-06	nan	57.03438824894568	9342.879305063258	2.83416412812398e-08	nan	nan	
split_mig_asym	75	1841.879968671715	-44955.81199041766	545932.8500855129	1039140.8576338347	7591561.508929984	2.51870194407954e-09	8.240875794507484e-07	nan	nan	302667.0002460503	6.168927695598171e-10	nan	nan	
split_mig_asym	75	913.2012538180927	-9287.406103493315	1640798.0477392375	186538.87436143315	3711031.129107493	2.1371194816953933e-07	8.591713142558489e-08	nan	nan	49758.32699436494	nan	5.777149637146203e-10	nan	
split_mig_asym	75	941.5412256893517	-2323.9974955345638	1445139.8032150762	217304.14131390248	4101117.9260198693	2.8045335368334363e-08	1.4943666060743602e-08	nan	2635.2551217738733	nan	1.053778827288815e-09	5.63204554097566e-10	nan	
split_mig_asym	100	6718.636212750563	-70464.38960410803	6587978.857271762	29628.078399321654	16271897.742920766	1.5770939346432694e-07	1.7835830958029323e-06	nan	328.2128581313272	nan	7.349830629722713e-09	nan	nan	
split_mig_asym	100	144112.18549229339	-11047.840624674533	859774.8679936765	218025.9425907652	121498846.74831694	4.5126876750429804e-08	1.4645843081811193e-07	7471.864489492228	3565.8286331348013	nan	2.4020740633804705e-09	2.5269390043905275e-09	3.0454204857170175e-05	
